RECT 0 0 99 99 6
RECT 17 16 23 17 0
RECT 80 16 85 17 0
RECT 15 17 16 18 0
RECT 24 17 26 18 0
RECT 77 17 79 18 0
RECT 86 17 86 67 0
RECT 14 18 14 62 0
RECT 27 18 29 19 0
RECT 74 18 76 19 0
RECT 80 18 81 18 0
RECT 84 18 85 18 0
RECT 87 18 87 63 0
RECT 13 19 13 58 0
RECT 15 19 15 19 0
RECT 26 19 26 19 0
RECT 30 19 31 20 0
RECT 71 19 73 20 0
RECT 77 19 77 19 0
RECT 85 19 85 19 0
RECT 29 20 29 20 0
RECT 32 20 32 21 0
RECT 68 20 70 21 0
RECT 74 20 74 20 0
RECT 31 21 31 21 0
RECT 33 21 34 22 0
RECT 66 21 67 22 0
RECT 71 21 71 21 0
RECT 88 21 88 40 0
RECT 35 22 36 23 0
RECT 64 22 65 23 0
RECT 68 22 69 22 0
RECT 34 23 34 23 0
RECT 37 23 37 24 0
RECT 61 23 63 24 0
RECT 66 23 66 23 0
RECT 36 24 36 24 0
RECT 38 24 39 25 0
RECT 59 24 60 26 0
RECT 64 24 64 24 0
RECT 40 25 41 26 0
RECT 57 25 58 27 0
RECT 61 25 62 25 0
RECT 42 26 43 27 0
RECT 55 26 56 30 0
RECT 41 27 41 27 0
RECT 44 27 44 29 0
RECT 53 27 54 29 0
RECT 43 28 43 30 0
RECT 45 28 52 29 0
RECT 38 29 42 30 0
RECT 57 29 61 30 0
RECT 35 30 37 31 0
RECT 62 30 66 31 0
RECT 12 31 12 49 0
RECT 32 31 33 32 0
RECT 34 31 34 31 0
RECT 61 31 61 31 0
RECT 67 31 69 32 0
RECT 29 32 30 33 0
RECT 31 32 31 32 0
RECT 66 32 66 32 0
RECT 70 32 72 33 0
RECT 27 33 28 34 0
RECT 73 33 73 34 0
RECT 25 34 26 35 0
RECT 72 34 72 34 0
RECT 74 34 75 35 0
RECT 23 35 24 36 0
RECT 76 35 76 36 0
RECT 22 36 22 38 0
RECT 75 36 75 36 0
RECT 77 36 77 37 0
RECT 20 37 21 38 0
RECT 23 37 23 37 0
RECT 78 37 78 38 0
RECT 19 38 19 43 0
RECT 79 38 79 40 0
RECT 18 39 18 43 0
RECT 20 39 20 39 0
RECT 26 39 27 52 0
RECT 28 39 31 41 0
RECT 66 39 67 53 0
RECT 68 39 72 41 0
RECT 80 39 80 41 0
RECT 15 40 15 48 0
RECT 17 40 17 44 0
RECT 22 40 25 51 0
RECT 32 40 35 52 0
RECT 36 40 36 42 0
RECT 62 40 65 42 0
RECT 73 40 75 52 0
RECT 81 40 81 46 0
RECT 16 41 16 48 0
RECT 20 41 21 41 0
RECT 37 41 38 42 0
RECT 59 41 61 42 0
RECT 76 41 77 43 0
RECT 82 41 82 46 0
RECT 20 42 20 42 0
RECT 30 42 31 52 0
RECT 39 42 40 43 0
RECT 57 42 58 44 0
RECT 68 42 68 43 0
RECT 70 42 72 42 0
RECT 78 42 79 44 0
RECT 38 43 38 43 0
RECT 41 43 42 45 0
RECT 55 43 56 45 0
RECT 59 43 60 43 0
RECT 63 43 65 53 0
RECT 71 43 72 53 0
RECT 80 43 80 45 0
RECT 83 43 83 49 0
RECT 88 43 88 44 0
RECT 36 44 36 48 0
RECT 40 44 40 44 0
RECT 43 44 43 48 0
RECT 54 44 54 49 0
RECT 62 44 62 52 0
RECT 84 44 84 48 0
RECT 21 45 21 46 0
RECT 44 45 44 48 0
RECT 53 45 53 48 0
RECT 57 45 57 45 0
RECT 79 45 79 45 0
RECT 85 45 85 51 0
RECT 42 46 42 49 0
RECT 45 46 46 46 0
RECT 52 46 52 48 0
RECT 55 46 55 46 0
RECT 61 46 61 48 0
RECT 45 47 45 47 0
RECT 17 48 18 49 0
RECT 40 48 41 50 0
RECT 55 48 56 50 0
RECT 81 48 82 49 0
RECT 19 49 21 50 0
RECT 37 49 39 50 0
RECT 57 49 58 51 0
RECT 70 49 70 53 0
RECT 79 49 80 50 0
RECT 28 50 29 52 0
RECT 36 50 36 51 0
RECT 59 50 61 52 0
RECT 68 50 68 53 0
RECT 77 50 78 51 0
RECT 81 50 81 50 0
RECT 21 51 21 51 0
RECT 37 51 38 51 0
RECT 69 51 69 53 0
RECT 76 51 76 52 0
RECT 79 51 79 51 0
RECT 15 52 15 54 0
RECT 24 52 25 52 0
RECT 16 53 16 55 0
RECT 48 53 51 56 0
RECT 52 53 52 55 0
RECT 17 54 18 55 0
RECT 44 54 47 55 0
RECT 53 54 53 54 0
RECT 83 54 85 55 0
RECT 19 55 19 56 0
RECT 80 55 82 56 0
RECT 18 56 18 56 0
RECT 20 56 21 57 0
RECT 45 56 47 56 0
RECT 77 56 79 57 0
RECT 83 56 83 56 0
RECT 15 57 15 65 0
RECT 22 57 23 58 0
RECT 46 57 50 57 0
RECT 74 57 76 59 0
RECT 80 57 81 57 0
RECT 21 58 21 60 0
RECT 24 58 26 58 0
RECT 48 58 49 58 0
RECT 70 58 73 59 0
RECT 77 58 78 58 0
RECT 20 59 20 61 0
RECT 22 59 22 59 0
RECT 25 59 29 59 0
RECT 66 59 67 64 0
RECT 68 59 69 60 0
RECT 19 60 19 63 0
RECT 28 60 34 60 0
RECT 60 60 65 61 0
RECT 70 60 71 60 0
RECT 75 60 77 60 0
RECT 18 61 18 64 0
RECT 30 61 43 61 0
RECT 50 61 50 85 0
RECT 52 61 59 62 0
RECT 76 61 78 61 0
RECT 16 62 16 67 0
RECT 32 62 49 62 0
RECT 51 62 51 85 0
RECT 60 62 62 62 0
RECT 65 62 65 62 0
RECT 77 62 79 62 0
RECT 85 62 85 69 0
RECT 17 63 17 68 0
RECT 32 63 33 65 0
RECT 34 63 34 63 0
RECT 41 63 49 63 0
RECT 52 63 55 63 0
RECT 68 63 68 69 0
RECT 78 63 80 63 0
RECT 31 64 31 68 0
RECT 79 64 81 64 0
RECT 30 65 30 69 0
RECT 67 65 67 66 0
RECT 69 65 69 71 0
RECT 80 65 81 65 0
RECT 84 65 84 71 0
RECT 18 66 18 69 0
RECT 32 66 32 66 0
RECT 81 66 82 67 0
RECT 19 67 19 71 0
RECT 29 67 29 70 0
RECT 83 67 83 72 0
RECT 28 68 28 72 0
RECT 70 68 70 74 0
RECT 82 68 82 68 0
RECT 20 69 20 72 0
RECT 21 70 21 73 0
RECT 27 70 27 78 0
RECT 82 70 82 73 0
RECT 22 71 22 74 0
RECT 26 71 26 77 0
RECT 71 71 71 76 0
RECT 23 72 23 75 0
RECT 81 72 81 74 0
RECT 24 73 25 76 0
RECT 72 73 72 81 0
RECT 80 73 80 75 0
RECT 79 74 79 76 0
RECT 73 75 73 81 0
RECT 78 75 78 77 0
RECT 28 76 28 78 0
RECT 76 76 77 78 0
RECT 29 77 30 79 0
RECT 74 77 75 80 0
RECT 31 78 31 80 0
RECT 32 79 33 80 0
RECT 71 79 71 82 0
RECT 76 79 76 79 0
RECT 34 80 35 81 0
RECT 69 80 70 82 0
RECT 33 81 33 81 0
RECT 36 81 39 82 0
RECT 65 81 68 83 0
RECT 35 82 35 82 0
RECT 40 82 47 84 0
RECT 60 82 64 84 0
RECT 37 83 39 83 0
RECT 48 83 49 85 0
RECT 52 83 59 85 0
RECT 69 83 69 83 0
RECT 65 84 66 84 0
RECT 44 85 47 85 0
RECT 21 42 21 44 1
RECT 28 42 29 49 1
RECT 69 42 69 50 1
RECT 20 43 20 48 1
RECT 36 43 37 43 1
RECT 61 43 61 45 1
RECT 62 43 62 43 1
RECT 70 43 70 48 1
RECT 18 44 19 47 1
RECT 37 44 39 48 1
RECT 59 44 60 49 1
RECT 68 44 68 49 1
RECT 76 44 77 49 1
RECT 17 45 17 47 1
RECT 40 45 40 47 1
RECT 58 45 58 48 1
RECT 78 45 78 49 1
RECT 41 46 41 47 1
RECT 56 46 57 47 1
RECT 79 46 80 48 1
RECT 21 47 21 48 1
RECT 55 47 55 47 1
RECT 81 47 82 47 1
RECT 19 48 19 48 1
RECT 57 48 57 48 1
RECT 36 49 36 49 1
RECT 61 49 61 49 1
RECT 76 50 76 50 1
RECT 15 55 15 56 1
RECT 16 56 17 61 1
RECT 84 56 85 61 1
RECT 18 57 19 59 1
RECT 82 57 83 65 1
RECT 20 58 20 58 1
RECT 79 58 81 61 1
RECT 23 59 24 71 1
RECT 77 59 78 59 1
RECT 18 60 18 60 1
RECT 22 60 22 70 1
RECT 25 60 27 69 1
RECT 72 60 74 72 1
RECT 78 60 78 60 1
RECT 21 61 21 69 1
RECT 28 61 29 66 1
RECT 68 61 71 62 1
RECT 75 61 75 76 1
RECT 17 62 17 62 1
RECT 20 62 20 68 1
RECT 30 62 31 63 1
RECT 63 62 64 81 1
RECT 76 62 76 75 1
RECT 80 62 81 62 1
RECT 84 62 84 64 1
RECT 35 63 40 79 1
RECT 56 63 62 81 1
RECT 65 63 65 80 1
RECT 69 63 71 64 1
RECT 77 63 77 75 1
RECT 81 63 81 63 1
RECT 19 64 19 66 1
RECT 30 64 30 64 1
RECT 34 64 34 79 1
RECT 41 64 49 81 1
RECT 52 64 55 82 1
RECT 78 64 78 74 1
RECT 18 65 18 65 1
RECT 66 65 66 80 1
RECT 70 65 71 67 1
RECT 79 65 79 73 1
RECT 33 66 33 78 1
RECT 80 66 80 72 1
RECT 83 66 83 66 1
RECT 28 67 28 67 1
RECT 32 67 32 78 1
RECT 67 67 67 80 1
RECT 71 68 71 70 1
RECT 81 68 81 71 1
RECT 31 69 31 77 1
RECT 82 69 82 69 1
RECT 25 70 25 72 1
RECT 26 70 26 70 1
RECT 30 70 30 76 1
RECT 68 70 68 80 1
RECT 29 71 29 76 1
RECT 24 72 24 72 1
RECT 69 72 69 79 1
RECT 28 73 28 75 1
RECT 73 73 74 74 1
RECT 70 75 70 79 1
RECT 74 75 74 76 1
RECT 71 77 71 78 1
RECT 36 80 40 80 1
RECT 40 81 40 81 1
RECT 48 82 49 82 1
RECT 56 82 59 82 1
RECT 15 14 24 15 2
RECT 80 14 87 15 2
RECT 13 15 14 17 2
RECT 25 15 27 16 2
RECT 76 15 79 16 2
RECT 88 15 89 20 2
RECT 12 16 12 30 2
RECT 15 16 16 16 2
RECT 24 16 24 16 2
RECT 28 16 29 17 2
RECT 73 16 75 17 2
RECT 86 16 87 16 2
RECT 11 17 11 65 2
RECT 27 17 27 17 2
RECT 30 17 32 18 2
RECT 70 17 72 18 2
RECT 76 17 76 17 2
RECT 87 17 87 17 2
RECT 90 17 90 52 2
RECT 10 18 10 63 2
RECT 13 18 13 18 2
RECT 33 18 34 20 2
RECT 68 18 69 19 2
RECT 73 18 73 18 2
RECT 32 19 32 19 2
RECT 35 19 36 21 2
RECT 65 19 67 20 2
RECT 70 19 70 19 2
RECT 37 20 38 22 2
RECT 63 20 64 21 2
RECT 39 21 40 23 2
RECT 61 21 62 22 2
RECT 65 21 65 21 2
RECT 89 21 89 66 2
RECT 41 22 41 24 2
RECT 58 22 60 23 2
RECT 63 22 63 22 2
RECT 38 23 38 23 2
RECT 42 23 43 25 2
RECT 56 23 57 24 2
RECT 40 24 40 24 2
RECT 44 24 45 26 2
RECT 47 24 51 27 2
RECT 53 24 55 25 2
RECT 58 24 58 24 2
RECT 46 25 46 27 2
RECT 52 25 52 27 2
RECT 56 25 56 25 2
RECT 53 26 54 26 2
RECT 9 27 9 55 2
RECT 45 27 45 27 2
RECT 88 41 88 42 2
RECT 88 45 88 68 2
RECT 12 50 12 67 2
RECT 90 54 90 57 2
RECT 13 59 13 68 2
RECT 90 59 90 61 2
RECT 14 63 14 70 2
RECT 87 64 87 71 2
RECT 15 66 15 71 2
RECT 16 68 16 72 2
RECT 86 68 86 73 2
RECT 17 69 17 73 2
RECT 18 70 18 74 2
RECT 85 70 85 74 2
RECT 19 72 19 75 2
RECT 84 72 84 76 2
RECT 20 73 20 76 2
RECT 83 73 83 77 2
RECT 21 74 21 77 2
RECT 82 74 82 78 2
RECT 22 75 22 77 2
RECT 81 75 81 79 2
RECT 23 76 23 78 2
RECT 80 76 80 80 2
RECT 24 77 25 79 2
RECT 79 77 79 81 2
RECT 26 78 26 80 2
RECT 78 78 78 81 2
RECT 27 79 28 81 2
RECT 77 79 77 82 2
RECT 25 80 25 80 2
RECT 29 80 30 82 2
RECT 76 80 76 83 2
RECT 31 81 32 83 2
RECT 74 81 75 83 2
RECT 28 82 28 82 2
RECT 33 82 34 84 2
RECT 72 82 73 84 2
RECT 30 83 30 83 2
RECT 35 83 36 85 2
RECT 70 83 71 85 2
RECT 32 84 32 84 2
RECT 37 84 39 86 2
RECT 67 84 69 86 2
RECT 74 84 74 84 2
RECT 34 85 34 85 2
RECT 40 85 43 87 2
RECT 60 85 66 87 2
RECT 36 86 36 86 2
RECT 44 86 59 88 2
RECT 67 87 67 87 2
RECT 43 88 43 88 2
RECT 60 88 61 88 2
RECT 18 18 21 35 5
RECT 17 19 17 39 5
RECT 22 19 24 33 5
RECT 79 19 83 36 5
RECT 16 20 16 37 5
RECT 25 20 27 32 5
RECT 77 20 78 35 5
RECT 84 20 84 42 5
RECT 28 21 29 31 5
RECT 73 21 76 31 5
RECT 15 22 15 37 5
RECT 30 22 31 30 5
RECT 70 22 72 30 5
RECT 32 23 33 30 5
RECT 67 23 69 29 5
RECT 34 24 34 29 5
RECT 65 24 66 29 5
RECT 85 24 85 31 5
RECT 35 25 36 29 5
RECT 64 25 64 29 5
RECT 37 26 38 28 5
RECT 62 26 63 28 5
RECT 39 27 39 28 5
RECT 60 27 61 28 5
RECT 40 28 41 28 5
RECT 63 29 63 29 5
RECT 48 30 51 52 5
RECT 68 30 69 30 5
RECT 30 31 30 31 5
RECT 39 31 47 40 5
RECT 52 31 58 40 5
RECT 72 31 72 31 5
RECT 35 32 38 39 5
RECT 59 32 63 39 5
RECT 74 32 76 32 5
RECT 25 33 25 33 5
RECT 32 33 34 38 5
RECT 64 33 67 38 5
RECT 76 33 76 34 5
RECT 85 33 85 39 5
RECT 22 34 23 34 5
RECT 29 34 31 38 5
RECT 68 34 71 37 5
RECT 22 35 22 35 5
RECT 27 35 28 38 5
RECT 72 35 73 38 5
RECT 18 36 19 37 5
RECT 20 36 20 36 5
RECT 26 36 26 38 5
RECT 74 36 74 39 5
RECT 24 37 25 38 5
RECT 75 37 75 39 5
RECT 80 37 83 37 5
RECT 18 38 18 38 5
RECT 68 38 68 38 5
RECT 70 38 71 38 5
RECT 76 38 76 39 5
RECT 82 38 83 38 5
RECT 16 39 16 39 5
RECT 23 39 23 39 5
RECT 34 39 34 39 5
RECT 64 39 64 39 5
RECT 77 39 77 40 5
RECT 83 39 83 40 5
RECT 37 40 38 40 5
RECT 59 40 60 40 5
RECT 78 40 78 40 5
RECT 82 40 82 40 5
RECT 40 41 47 41 5
RECT 52 41 55 42 5
RECT 56 41 57 41 5
RECT 79 41 79 41 5
RECT 85 41 85 41 5
RECT 42 42 47 42 5
RECT 80 42 80 42 5
RECT 44 43 47 43 5
RECT 52 43 53 43 5
RECT 85 43 85 44 5
RECT 45 44 47 44 5
RECT 52 44 52 44 5
RECT 46 45 47 45 5
RECT 47 46 47 52 5
RECT 46 48 46 52 5
RECT 44 49 45 53 5
RECT 15 50 17 50 5
RECT 42 50 42 60 5
RECT 43 50 43 53 5
RECT 52 50 54 52 5
RECT 83 50 84 53 5
RECT 16 51 19 52 5
RECT 40 51 41 60 5
RECT 80 51 82 54 5
RECT 20 52 22 54 5
RECT 37 52 39 60 5
RECT 55 52 57 59 5
RECT 78 52 79 54 5
RECT 17 53 19 53 5
RECT 23 53 36 56 5
RECT 53 53 54 53 5
RECT 58 53 61 59 5
RECT 74 53 77 55 5
RECT 19 54 19 54 5
RECT 54 54 54 59 5
RECT 62 54 71 57 5
RECT 73 54 73 56 5
RECT 21 55 22 55 5
RECT 53 55 53 59 5
RECT 72 55 72 57 5
RECT 78 55 78 55 5
RECT 43 56 43 60 5
RECT 52 56 52 56 5
RECT 74 56 75 56 5
RECT 25 57 36 57 5
RECT 44 57 44 60 5
RECT 28 58 36 58 5
RECT 45 58 46 60 5
RECT 50 58 52 60 5
RECT 62 58 67 58 5
RECT 32 59 36 59 5
RECT 47 59 47 60 5
RECT 49 59 49 60 5
RECT 62 59 63 59 5
RECT 36 60 36 60 5
RECT 17 18 17 18 7
RECT 22 18 23 18 7
RECT 82 18 83 18 7
RECT 16 19 16 19 7
RECT 25 19 25 19 7
RECT 78 19 78 19 7
RECT 84 19 84 19 7
RECT 15 20 15 21 7
RECT 28 20 28 20 7
RECT 75 20 76 20 7
RECT 85 20 85 23 7
RECT 30 21 30 21 7
RECT 72 21 72 21 7
RECT 32 22 32 22 7
RECT 35 24 35 24 7
RECT 37 25 37 25 7
RECT 63 25 63 25 7
RECT 39 26 39 26 7
RECT 61 26 61 26 7
RECT 40 27 40 27 7
RECT 59 27 59 28 7
RECT 42 28 42 28 7
RECT 57 28 58 28 7
RECT 37 29 37 29 7
RECT 62 29 62 29 7
RECT 34 30 34 30 7
RECT 44 30 47 30 7
RECT 52 30 54 30 7
RECT 67 30 67 30 7
RECT 31 31 31 31 7
RECT 38 31 38 31 7
RECT 59 31 60 31 7
RECT 70 31 71 31 7
RECT 28 32 28 32 7
RECT 34 32 34 32 7
RECT 64 32 65 32 7
RECT 73 32 73 32 7
RECT 85 32 85 32 7
RECT 26 33 26 33 7
RECT 31 33 31 33 7
RECT 68 33 69 33 7
RECT 74 33 75 33 7
RECT 24 34 24 34 7
RECT 21 36 21 36 7
RECT 25 36 25 36 7
RECT 78 36 78 36 7
RECT 76 37 76 37 7
RECT 79 37 79 37 7
RECT 15 38 16 38 7
RECT 23 38 23 38 7
RECT 69 38 69 38 7
RECT 77 38 77 38 7
RECT 80 38 81 38 7
RECT 15 39 15 39 7
RECT 21 39 22 39 7
RECT 24 39 25 39 7
RECT 32 39 33 39 7
RECT 65 39 65 39 7
RECT 73 39 73 39 7
RECT 78 39 78 39 7
RECT 81 39 82 39 7
RECT 16 40 16 40 7
RECT 20 40 21 40 7
RECT 61 40 61 40 7
RECT 76 40 76 40 7
RECT 85 40 85 40 7
RECT 39 41 39 41 7
RECT 58 41 58 41 7
RECT 78 41 78 41 7
RECT 83 41 83 42 7
RECT 41 42 41 42 7
RECT 56 42 56 42 7
RECT 85 42 85 42 7
RECT 43 43 43 43 7
RECT 54 43 54 43 7
RECT 84 43 84 43 7
RECT 44 44 44 44 7
RECT 53 44 53 44 7
RECT 45 45 45 45 7
RECT 52 45 52 45 7
RECT 46 47 46 47 7
RECT 45 48 45 48 7
RECT 15 49 16 49 7
RECT 43 49 43 49 7
RECT 52 49 53 49 7
RECT 84 49 84 49 7
RECT 18 50 18 50 7
RECT 82 50 82 50 7
RECT 15 51 15 51 7
RECT 20 51 20 51 7
RECT 39 51 39 51 7
RECT 55 51 56 51 7
RECT 23 52 23 52 7
RECT 36 52 36 52 7
RECT 58 52 58 52 7
RECT 77 52 77 52 7
RECT 85 52 85 53 7
RECT 46 53 47 53 7
RECT 62 53 62 53 7
RECT 73 53 73 53 7
RECT 43 54 43 55 7
RECT 72 54 72 54 7
RECT 20 55 20 55 7
RECT 79 55 79 55 7
RECT 22 56 22 56 7
RECT 44 56 44 56 7
RECT 76 56 76 56 7
RECT 24 57 24 57 7
RECT 45 57 45 57 7
RECT 51 57 52 57 7
RECT 73 57 73 57 7
RECT 27 58 27 58 7
RECT 47 58 47 58 7
RECT 68 58 69 58 7
RECT 30 59 31 59 7
RECT 48 59 48 61 7
RECT 64 59 65 59 7
RECT 35 60 35 60 7
RECT 53 60 59 60 7
RECT 44 61 47 61 7
RECT 49 61 49 61 7
RECT 51 61 51 61 7