RECT 0 0 223 287 0
RECT 4 271 219 271 2
RECT 4 24 219 24 2
RECT 5 268 218 268 2
RECT 5 27 106 27 2
RECT 117 27 218 27 2
RECT 108 206 116 216 5
RECT 223 180 223 267 2
RECT 0 180 0 267 2
RECT 89 139 102 144 2
RECT 121 139 134 144 7
RECT 223 28 223 99 2
RECT 0 28 0 99 2
RECT 3 29 3 98 2
RECT 220 29 220 98 2
RECT 22 251 89 251 2
RECT 134 251 201 251 2
RECT 84 155 139 155 2
RECT 105 117 118 120 3
RECT 86 76 137 76 2
RECT 86 220 137 220 2
RECT 86 172 137 172 2
RECT 60 78 60 129 2
RECT 163 78 163 129 2
RECT 87 152 136 152 2
RECT 182 148 223 148 2
RECT 182 131 223 131 2
RECT 105 142 118 144 6
RECT 0 148 41 148 2
RECT 0 131 41 131 2
RECT 184 151 223 151 2
RECT 184 128 223 128 2
RECT 0 151 39 151 2
RECT 0 128 39 128 2
RECT 3 229 3 266 2
RECT 3 181 3 218 2
RECT 220 229 220 266 2
RECT 220 181 220 218 2
RECT 5 179 41 179 2
RECT 5 100 41 100 2
RECT 22 244 58 244 2
RECT 182 179 218 179 2
RECT 182 100 218 100 2
RECT 165 244 201 244 2
RECT 9 49 14 54 7
RECT 9 209 14 214 7
RECT 4 176 39 176 2
RECT 4 103 39 103 2
RECT 209 49 214 54 7
RECT 209 209 214 214 7
RECT 184 176 219 176 2
RECT 184 103 219 103 2
RECT 104 125 119 126 1
RECT 84 125 84 154 2
RECT 139 125 139 154 2
RECT 115 29 115 57 2
RECT 108 29 108 57 2
RECT 67 150 67 177 2
RECT 62 59 89 59 2
RECT 62 44 89 44 2
RECT 62 203 89 203 2
RECT 62 196 89 196 2
RECT 60 150 60 177 2
RECT 43 198 43 225 2
RECT 43 150 43 177 2
RECT 43 102 43 129 2
RECT 180 198 180 225 2
RECT 180 150 180 177 2
RECT 180 102 180 129 2
RECT 163 150 163 177 2
RECT 156 150 156 177 2
RECT 134 59 161 59 2
RECT 134 44 161 44 2
RECT 134 203 161 203 2
RECT 134 196 161 196 2
RECT 87 128 87 151 2
RECT 40 152 40 175 2
RECT 40 104 40 127 2
RECT 183 152 183 175 2
RECT 183 104 183 127 2
RECT 136 128 136 151 2
RECT 108 134 115 136 6
RECT 86 83 106 83 2
RECT 86 227 106 227 2
RECT 86 179 106 179 2
RECT 69 244 89 244 2
RECT 69 107 89 107 2
RECT 69 100 89 100 2
RECT 67 78 67 98 2
RECT 67 222 67 242 2
RECT 67 109 67 129 2
RECT 60 222 60 242 2
RECT 36 205 36 225 2
RECT 187 205 187 225 2
RECT 163 222 163 242 2
RECT 156 78 156 98 2
RECT 156 222 156 242 2
RECT 156 109 156 129 2
RECT 134 244 154 244 2
RECT 134 107 154 107 2
RECT 134 100 154 100 2
RECT 117 83 137 83 2
RECT 117 227 137 227 2
RECT 117 179 137 179 2
RECT 115 85 115 105 2
RECT 115 229 115 249 2
RECT 115 181 115 201 2
RECT 108 85 108 105 2
RECT 108 229 108 249 2
RECT 108 181 108 201 2
RECT 84 124 103 124 2
RECT 37 274 41 277 5
RECT 22 83 41 83 2
RECT 22 76 41 76 2
RECT 22 59 41 59 2
RECT 22 44 41 44 2
RECT 22 196 41 196 2
RECT 21 274 25 277 5
RECT 182 83 201 83 2
RECT 182 76 201 76 2
RECT 182 59 201 59 2
RECT 182 44 201 44 2
RECT 182 196 201 196 2
RECT 120 124 139 124 2
RECT 87 127 103 127 2
RECT 120 127 136 127 2
RECT 108 110 115 111 3
RECT 42 277 44 281 5
RECT 26 277 28 281 5
RECT 97 0 98 6 1
RECT 78 0 79 6 1
RECT 73 0 74 6 1
RECT 37 281 41 284 5
RECT 21 281 25 284 5
RECT 28 0 29 6 1
RECT 102 0 103 6 1
RECT 5 227 17 227 2
RECT 5 220 17 220 2
RECT 22 203 34 203 2
RECT 206 227 218 227 2
RECT 206 220 218 220 2
RECT 189 203 201 203 2
RECT 98 161 99 166 5
RECT 91 46 91 57 2
RECT 89 161 90 166 5
RECT 84 1 85 6 1
RECT 60 46 60 57 2
RECT 43 46 43 57 2
RECT 41 1 42 6 1
RECT 38 0 39 5 1
RECT 33 0 34 5 1
RECT 203 46 203 57 2
RECT 202 281 204 284 3
RECT 20 46 20 57 2
RECT 180 46 180 57 2
RECT 163 46 163 57 2
RECT 146 1 147 6 1
RECT 137 1 138 6 1
RECT 132 46 132 57 2
RECT 113 161 114 166 5
RECT 134 1 135 5 1
RECT 129 1 130 5 1
RECT 117 209 118 213 5
RECT 110 162 111 166 5
RECT 106 209 107 213 5
RECT 105 162 106 166 5
RECT 97 136 100 137 1
RECT 95 135 96 138 2
RECT 94 133 97 134 2
RECT 91 136 94 137 1
RECT 129 136 132 137 1
RECT 127 135 128 138 7
RECT 126 133 129 134 7
RECT 123 136 126 137 1
RECT 116 113 117 116 3
RECT 41 0 46 0 1
RECT 82 0 87 0 1
RECT 91 0 95 0 1
RECT 114 0 117 0 1
RECT 123 0 126 0 1
RECT 130 0 134 0 1
RECT 137 0 142 0 1
RECT 146 0 151 0 1
RECT 27 1 27 1 1
RECT 46 1 47 3 1
RECT 90 1 91 1 1
RECT 113 1 114 2 1
RECT 117 1 118 1 1
RECT 122 1 123 1 1
RECT 126 1 127 1 1
RECT 142 1 143 3 1
RECT 89 2 90 4 1
RECT 121 2 122 4 1
RECT 75 3 77 3 1
RECT 93 3 95 3 1
RECT 99 3 101 3 1
RECT 114 3 118 3 1
RECT 141 3 141 6 1
RECT 148 3 150 3 1
RECT 43 4 46 4 1
RECT 94 4 95 6 1
RECT 118 4 119 5 1
RECT 139 4 140 4 1
RECT 90 5 91 5 1
RECT 113 5 114 5 1
RECT 122 5 123 5 1
RECT 126 5 127 5 1
RECT 140 5 140 5 1
RECT 142 5 142 6 1
RECT 26 6 27 6 1
RECT 30 6 31 6 1
RECT 34 6 38 6 1
RECT 82 6 83 6 1
RECT 86 6 87 6 1
RECT 91 6 93 6 1
RECT 114 6 118 6 1
RECT 123 6 126 6 1
RECT 130 6 134 6 1
RECT 143 6 143 6 1
RECT 148 6 151 6 1
RECT 43 9 45 9 1
RECT 51 9 53 9 1
RECT 123 9 125 9 1
RECT 131 9 133 9 1
RECT 42 10 42 14 1
RECT 45 10 46 10 1
RECT 50 10 50 14 1
RECT 53 10 54 10 1
RECT 122 10 122 14 1
RECT 125 10 126 10 1
RECT 130 10 130 14 1
RECT 133 10 134 10 1
RECT 41 11 41 13 1
RECT 46 11 47 13 1
RECT 49 11 49 13 1
RECT 54 11 55 13 1
RECT 121 11 121 13 1
RECT 126 11 127 13 1
RECT 129 11 129 13 1
RECT 134 11 135 13 1
RECT 43 14 43 15 1
RECT 46 14 46 14 1
RECT 51 14 51 15 1
RECT 54 14 54 14 1
RECT 123 14 123 15 1
RECT 126 14 126 14 1
RECT 131 14 131 15 1
RECT 134 14 134 14 1
RECT 44 15 45 15 1
RECT 52 15 53 15 1
RECT 124 15 125 15 1
RECT 132 15 133 15 1
RECT 2 25 3 25 2
RECT 220 25 221 25 2
RECT 1 26 1 27 2
RECT 222 26 222 27 2
RECT 4 28 4 28 2
RECT 107 28 107 28 2
RECT 116 28 116 28 2
RECT 219 28 219 28 2
RECT 11 35 12 36 7
RECT 19 35 20 36 7
RECT 27 35 28 36 7
RECT 35 35 36 36 7
RECT 43 35 44 36 7
RECT 51 35 52 36 7
RECT 59 35 60 36 7
RECT 67 35 68 36 7
RECT 75 35 76 36 7
RECT 83 35 84 36 7
RECT 91 35 92 36 7
RECT 99 35 100 36 7
RECT 123 35 124 36 7
RECT 131 35 132 36 7
RECT 139 35 140 36 7
RECT 147 35 148 36 7
RECT 155 35 156 36 7
RECT 163 35 164 36 7
RECT 171 35 172 36 7
RECT 179 35 180 36 7
RECT 187 35 188 36 7
RECT 195 35 196 36 7
RECT 203 35 204 36 7
RECT 211 35 212 36 7
RECT 11 43 12 44 7
RECT 51 43 52 44 7
RECT 99 43 100 44 7
RECT 123 43 124 44 7
RECT 171 43 172 44 7
RECT 211 43 212 44 7
RECT 21 45 21 45 2
RECT 42 45 42 45 2
RECT 61 45 61 45 2
RECT 90 45 90 45 2
RECT 133 45 133 45 2
RECT 162 45 162 45 2
RECT 181 45 181 45 2
RECT 202 45 202 45 2
RECT 10 48 13 48 7
RECT 210 48 213 48 7
RECT 8 50 8 53 7
RECT 15 50 15 53 7
RECT 208 50 208 53 7
RECT 215 50 215 53 7
RECT 51 51 52 52 7
RECT 99 51 100 52 7
RECT 123 51 124 52 7
RECT 171 51 172 52 7
RECT 10 55 13 55 7
RECT 210 55 213 55 7
RECT 21 58 21 58 2
RECT 42 58 42 58 2
RECT 61 58 61 58 2
RECT 90 58 90 58 2
RECT 109 58 109 58 2
RECT 114 58 114 58 2
RECT 133 58 133 58 2
RECT 162 58 162 58 2
RECT 181 58 181 58 2
RECT 202 58 202 58 2
RECT 11 59 12 60 7
RECT 51 59 52 60 7
RECT 99 59 100 60 7
RECT 110 59 113 59 2
RECT 123 59 124 60 7
RECT 171 59 172 60 7
RECT 211 59 212 60 7
RECT 11 67 12 68 7
RECT 19 67 20 68 7
RECT 27 67 28 68 7
RECT 35 67 36 68 7
RECT 43 67 44 68 7
RECT 51 67 52 68 7
RECT 59 67 60 68 7
RECT 67 67 68 68 7
RECT 75 67 76 68 7
RECT 83 67 84 68 7
RECT 91 67 92 68 7
RECT 99 67 100 68 7
RECT 107 67 108 68 7
RECT 115 67 116 68 7
RECT 123 67 124 68 7
RECT 131 67 132 68 7
RECT 139 67 140 68 7
RECT 147 67 148 68 7
RECT 155 67 156 68 7
RECT 163 67 164 68 7
RECT 171 67 172 68 7
RECT 179 67 180 68 7
RECT 187 67 188 68 7
RECT 195 67 196 68 7
RECT 203 67 204 68 7
RECT 211 67 212 68 7
RECT 11 75 12 76 7
RECT 51 75 52 76 7
RECT 75 75 76 76 7
RECT 147 75 148 76 7
RECT 171 75 172 76 7
RECT 211 75 212 76 7
RECT 62 76 65 76 2
RECT 158 76 161 76 2
RECT 21 77 21 77 2
RECT 42 77 42 77 2
RECT 61 77 61 77 2
RECT 66 77 66 77 2
RECT 85 77 85 77 2
RECT 138 77 138 77 2
RECT 157 77 157 77 2
RECT 162 77 162 77 2
RECT 181 77 181 77 2
RECT 202 77 202 77 2
RECT 20 78 20 81 2
RECT 43 78 43 81 2
RECT 84 78 84 81 2
RECT 139 78 139 81 2
RECT 180 78 180 81 2
RECT 203 78 203 81 2
RECT 21 82 21 82 2
RECT 42 82 42 82 2
RECT 85 82 85 82 2
RECT 138 82 138 82 2
RECT 181 82 181 82 2
RECT 202 82 202 82 2
RECT 11 83 12 84 7
RECT 51 83 52 84 7
RECT 75 83 76 84 7
RECT 147 83 148 84 7
RECT 171 83 172 84 7
RECT 211 83 212 84 7
RECT 107 84 107 84 2
RECT 116 84 116 84 2
RECT 11 91 12 92 7
RECT 19 91 20 92 7
RECT 27 91 28 92 7
RECT 35 91 36 92 7
RECT 43 91 44 92 7
RECT 51 91 52 92 7
RECT 75 91 76 92 7
RECT 83 91 84 92 7
RECT 91 91 92 92 7
RECT 99 91 100 92 7
RECT 123 91 124 92 7
RECT 131 91 132 92 7
RECT 139 91 140 92 7
RECT 147 91 148 92 7
RECT 171 91 172 92 7
RECT 179 91 180 92 7
RECT 187 91 188 92 7
RECT 195 91 196 92 7
RECT 203 91 204 92 7
RECT 211 91 212 92 7
RECT 4 99 4 99 2
RECT 51 99 52 100 7
RECT 68 99 68 99 2
RECT 155 99 155 99 2
RECT 171 99 172 100 7
RECT 219 99 219 99 2
RECT 1 100 1 101 2
RECT 222 100 222 101 2
RECT 42 101 42 101 2
RECT 90 101 90 101 2
RECT 133 101 133 101 2
RECT 181 101 181 101 2
RECT 2 102 3 102 2
RECT 91 102 91 105 2
RECT 132 102 132 105 2
RECT 220 102 221 102 2
RECT 90 106 90 106 2
RECT 109 106 109 106 2
RECT 114 106 114 106 2
RECT 133 106 133 106 2
RECT 51 107 52 108 7
RECT 110 107 113 107 2
RECT 171 107 172 108 7
RECT 68 108 68 108 2
RECT 155 108 155 108 2
RECT 110 109 113 109 3
RECT 107 111 107 111 3
RECT 116 111 116 112 3
RECT 106 112 106 112 3
RECT 107 112 108 113 1
RECT 109 112 112 112 3
RECT 113 112 114 113 1
RECT 115 112 115 112 3
RECT 117 112 117 112 3
RECT 106 113 106 113 1
RECT 109 113 109 115 1
RECT 110 113 111 116 3
RECT 112 113 112 113 1
RECT 115 113 115 115 1
RECT 106 114 107 115 2
RECT 108 114 108 116 1
RECT 112 114 113 115 2
RECT 114 114 114 116 1
RECT 51 115 52 116 7
RECT 105 115 105 116 3
RECT 118 115 118 116 3
RECT 171 115 172 116 7
RECT 106 116 106 116 3
RECT 107 116 107 116 1
RECT 109 116 109 116 3
RECT 112 116 112 116 3
RECT 113 116 113 116 1
RECT 115 116 115 116 3
RECT 105 121 106 121 3
RECT 108 121 110 121 3
RECT 113 121 115 121 3
RECT 117 121 118 121 3
RECT 105 122 105 122 3
RECT 109 122 110 122 3
RECT 113 122 114 122 3
RECT 118 122 118 122 3
RECT 51 123 52 124 7
RECT 171 123 172 124 7
RECT 103 125 103 126 2
RECT 120 125 120 126 2
RECT 42 130 42 130 2
RECT 61 130 61 130 2
RECT 66 130 66 130 2
RECT 157 130 157 130 2
RECT 162 130 162 130 2
RECT 181 130 181 130 2
RECT 51 131 52 132 7
RECT 62 131 65 131 2
RECT 158 131 161 131 2
RECT 171 131 172 132 7
RECT 110 133 113 133 6
RECT 92 134 93 135 2
RECT 98 134 99 135 2
RECT 124 134 125 135 2
RECT 130 134 131 135 2
RECT 91 135 91 135 1
RECT 94 135 94 135 1
RECT 97 135 97 135 1
RECT 100 135 100 135 1
RECT 107 135 107 137 6
RECT 116 135 116 137 6
RECT 123 135 123 135 1
RECT 126 135 126 135 1
RECT 129 135 129 135 1