RECT 0 0 399 399 1
RECT 180 80 205 105 0
RECT 180 120 205 145 0
RECT 220 140 245 165 0
RECT 160 160 185 185 0
RECT 200 160 225 185 0
RECT 220 80 245 102 0
RECT 240 60 265 78 0
RECT 240 200 265 213 0
RECT 80 160 91 176 0
RECT 180 200 205 205 0
RECT 220 380 240 386 0
RECT 240 180 265 184 0
RECT 80 380 105 382 0
RECT 120 380 145 382 0
RECT 320 380 332 384 0
RECT 260 220 277 222 0
RECT 280 60 304 61 0
RECT 140 300 157 301 0
RECT 140 60 147 63 0
RECT 180 60 189 61 0
RECT 300 380 309 381 0
JOKER 234 130 243 139
JOKER 234 104 243 113
JOKER 208 130 217 139
JOKER 208 104 217 113
JOKER 208 78 217 87
JOKER 156 104 165 113
JOKER 52 78 61 87
JOKER 260 52 269 61
JOKER 234 182 243 191
JOKER 182 182 191 191
JOKER 130 312 139 321
JOKER 208 234 217 243
JOKER 286 52 295 61
JOKER 182 104 191 113
JOKER 156 78 165 87
JOKER 182 156 191 165
JOKER 78 78 87 87
JOKER 156 286 165 295
JOKER 78 104 87 113
JOKER 52 130 61 139
JOKER 182 260 191 269
JOKER 104 338 113 347
JOKER 286 52 293 59
JOKER 260 208 269 217
JOKER 260 52 267 59
JOKER 234 130 241 137
JOKER 234 104 241 111
JOKER 208 130 215 137
JOKER 208 104 215 111
JOKER 208 78 215 85
JOKER 156 156 165 165
JOKER 130 156 139 165
JOKER 52 78 59 85
JOKER 208 182 217 191
JOKER 52 130 59 137
JOKER 234 182 241 189
JOKER 208 234 215 241
JOKER 156 286 163 293
JOKER 130 312 137 319
JOKER 182 260 189 267
JOKER 156 78 163 85
JOKER 156 104 163 111
JOKER 156 26 165 35
JOKER 130 156 137 163
JOKER 130 130 139 139
JOKER 78 156 87 165
JOKER 234 234 243 243
JOKER 156 182 165 191
JOKER 78 364 87 373
JOKER 286 52 292 58
JOKER 260 52 266 58
JOKER 234 130 240 136
JOKER 234 104 240 110
JOKER 208 130 214 136
JOKER 208 104 214 110
JOKER 208 78 214 84
JOKER 234 52 243 61
JOKER 182 182 189 189
JOKER 182 156 189 163
JOKER 182 104 189 111
JOKER 156 286 162 292
JOKER 156 156 163 163
JOKER 104 338 111 345
JOKER 78 104 85 111
JOKER 182 260 188 266
JOKER 52 130 58 136
JOKER 52 78 58 84
JOKER 234 182 240 188
JOKER 78 78 85 85
JOKER 130 156 136 162
JOKER 208 234 214 240
JOKER 130 312 136 318
JOKER 156 78 162 84
JOKER 104 156 113 165
JOKER 208 156 217 165
JOKER 156 156 162 162
JOKER 156 104 162 110
JOKER 78 156 85 163
JOKER 104 338 110 344
JOKER 78 78 84 84
JOKER 234 234 241 241
JOKER 182 156 188 162
JOKER 78 104 84 110
JOKER 52 52 61 61
JOKER 182 104 188 110
JOKER 156 208 165 217
JOKER 78 52 87 61
JOKER 78 156 84 162
JOKER 182 182 188 188
JOKER 208 182 215 189
JOKER 208 156 215 163
JOKER 312 364 321 373
JOKER 234 234 240 240
JOKER 52 104 61 113
JOKER 130 130 137 137
JOKER 104 156 111 163
JOKER 52 52 59 59
JOKER 260 208 267 215
JOKER 234 52 241 59
JOKER 208 156 214 162
RECT 273 52 280 59 0
RECT 299 52 306 59 0
RECT 169 65 176 72 0
RECT 208 65 215 72 0
RECT 221 65 228 72 0
RECT 169 78 176 85 0
RECT 169 91 176 98 0
RECT 208 91 215 98 0
RECT 169 104 176 111 0
RECT 221 104 228 111 0
RECT 208 117 215 124 0
RECT 221 117 228 124 0
RECT 234 117 241 124 0
RECT 221 130 228 137 0
RECT 130 143 137 150 0
RECT 208 143 215 150 0
RECT 65 156 72 163 0
RECT 104 169 111 176 0
RECT 234 169 241 176 0
RECT 247 169 254 176 0
RECT 169 195 176 202 0
RECT 208 195 215 202 0
RECT 221 195 228 202 0
RECT 143 39 150 46 0
RECT 182 65 189 72 0
RECT 299 351 306 358 0
RECT 195 247 202 254 0
RECT 130 299 137 306 0
RECT 91 351 98 358 0
RECT 156 91 163 98 0
RECT 234 195 241 202 0
RECT 247 78 254 85 0
RECT 91 169 98 176 0
RECT 143 286 150 293 0
RECT 91 364 98 371 0
RECT 195 156 202 163 0
RECT 195 182 202 189 0
RECT 169 117 176 124 0
RECT 247 52 254 59 0
RECT 234 65 241 72 0
RECT 195 104 202 111 0
RECT 169 143 176 150 0
RECT 117 156 124 163 0
RECT 143 299 150 306 0
RECT 143 156 150 163 0
RECT 65 377 72 384 0
RECT 78 377 85 384 0
RECT 247 156 254 163 0
RECT 221 182 228 189 0
RECT 299 299 306 306 0
RECT 169 273 176 280 0
RECT 312 351 319 358 0
RECT 182 143 189 150 0
RECT 195 143 202 150 0
RECT 195 169 202 176 0
RECT 247 182 254 189 0
RECT 182 195 189 202 0
RECT 195 195 202 202 0
RECT 247 195 254 202 0
RECT 143 117 150 124 0
RECT 91 338 98 345 0
RECT 143 143 150 150 0
RECT 117 325 124 332 0
RECT 65 78 72 85 7
RECT 65 91 72 98 0
RECT 169 156 176 163 0
RECT 156 169 163 176 0
RECT 182 169 189 176 0
RECT 169 182 176 189 0
RECT 117 312 124 319 0
RECT 312 325 319 332 0
RECT 182 117 189 124 0
RECT 195 117 202 124 0
RECT 65 143 72 150 0
RECT 91 156 98 163 0
RECT 221 169 228 176 0
RECT 169 208 176 215 0
RECT 299 312 306 319 0
RECT 260 195 267 202 0
RECT 299 39 306 46 0
RECT 143 52 150 59 0
RECT 52 65 59 72 4
RECT 52 143 59 150 0
RECT 117 169 124 176 0
RECT 156 39 159 42 0
RECT 195 65 202 72 0
RECT 260 65 267 72 0
RECT 182 78 189 85 0
RECT 195 78 202 85 0
RECT 221 78 228 85 0
RECT 78 91 85 98 0
RECT 247 208 254 215 0
RECT 117 338 120 341 0
RECT 91 91 98 98 6
RECT 39 65 46 72 0
RECT 273 65 276 68 0
RECT 234 78 241 85 0
RECT 247 91 250 94 0
RECT 234 208 237 211 0
RECT 156 221 163 228 0
RECT 299 286 306 293 0
RECT 299 286 302 289 1
RECT 156 195 163 202 0
RECT 299 325 306 332 0
RECT 91 377 94 380 0
RECT 325 377 332 384 0
RECT 260 78 263 81 0
RECT 156 143 163 150 0
RECT 78 169 85 176 0
RECT 104 377 111 384 0
RECT 156 143 159 146 1
RECT 117 325 120 328 1
RECT 299 325 302 328 1
RECT 325 52 328 55 0
RECT 338 52 341 55 0
RECT 78 65 85 72 0
RECT 260 221 263 224 0
RECT 299 364 302 367 0
RECT 299 39 302 42 1
RECT 78 65 81 68 1
RECT 195 65 198 68 1
RECT 65 143 68 146 1
RECT 91 338 94 341 1
RECT 78 117 81 120 4
RECT 156 377 163 384 0
RECT 156 377 159 380 1
RECT 208 377 215 384 0
RECT 208 377 211 380 1
RECT 156 195 159 198 1
RECT 78 91 81 94 7
RECT 169 39 170 40 0
RECT 156 117 157 118 0
RECT 117 130 124 137 0
RECT 117 130 120 133 1
RECT 52 156 53 157 0
RECT 260 169 261 170 0
RECT 260 182 263 185 0
RECT 221 234 222 235 0
RECT 273 286 274 287 0
RECT 130 325 131 326 0
RECT 312 338 313 339 0
RECT 130 377 137 384 0
RECT 247 52 248 53 1
RECT 156 221 157 222 1
RECT 299 312 300 313 1
RECT 130 377 131 378 1
RECT 39 195 40 196 4
RECT 91 104 92 105 0
RECT 117 377 120 380 0
RECT 156 52 157 53 0
RECT 52 65 55 68 0
RECT 65 104 72 111 0
RECT 195 234 202 241 0
RECT 195 234 196 235 1
RECT 143 247 146 250 0
RECT 208 247 209 248 0
RECT 156 299 157 300 0
RECT 143 247 144 248 1
RECT 143 286 144 287 1
RECT 117 312 118 313 1
RECT 182 39 182 39 0
RECT 286 65 286 65 0
RECT 247 143 247 143 0
RECT 52 169 53 170 0
RECT 182 208 182 208 0
RECT 286 299 286 299 0
RECT 143 312 143 312 0
RECT 312 312 312 312 0
RECT 104 351 104 351 0
RECT 299 377 299 377 0
RECT 143 39 143 39 1
RECT 65 104 65 104 1
RECT 52 169 52 169 1
RECT 130 299 130 299 1
RECT 91 351 91 351 1
RECT 91 364 91 364 1
RECT 104 377 104 377 1
RECT 117 377 117 377 1
RECT 325 377 325 377 1
RECT 91 91 91 91 3
RECT 52 65 52 65 4
RECT 65 65 65 65 4
RECT 91 52 91 52 6
RECT 78 117 78 117 6